0 0.0170662497811 0.710023318924 0.147148679758 0.0110830165913 0.507117803816 0.00947432776104 0.292078042633 0.00218843107549 0.0934668596419 0.168069421266 0.973217459138 0.259000559133 0.00723880301979 0.113588764796 0.000526626554968 0.187212014806 0.0664124867592 0.527203319565 0.758862861193 0.0234677722595 0.718191998321 0.217965420168 0.0019912180018 0.0549905210605 0.123113717369 0.00364523045681 0.535501090976 0.106470434682 0.0356471869124 0.932897735703 0.0252369152844 0.0428350273496 0.247410783956 0.722811509371 0.056175572795 0.00891565100151 0.583290553902 0.421587386822 0.032732491847 0.0155843044226 0.0225974904867 0.0848319558213 0.0817472097591 0.00460774431726 0.00632080308293 0.441086560082 0.754058561495 0.0616224517966 0.132580605428 0.00268935185048 0.0551472899981 0.358170653859 0.00753498025032 0.0107817271611 0.781460397656 0.831560927023 0.0854542710206 0.396565237192 0.00010067988425 0.216898184403 0.468271634963 0.0118780733599 0.145882431131 0.0875498825662 0.110425009468 0.753940670746 0.144860556764 0.624410532025 0.0135040220482 0.663430051033 0.0503391777172 0.124963755033 0.262253551072 0.48552917007 0.316103351593 0.0152408556748 0.707419682391 0.0811560849969 0.0251397902717 1.54474388938e-09 1.87291192554e-11 5.30733547544e-10 4.77065897067e-12 1.54563518782e-09 1.29447760084e-07 1.96769365118e-08 8.91425764445e-14 1.53735798416e-09 3.0823568044e-09 4.97317461098e-13 9.91144067871e-13 1.19233509193e-05 3.50129511388e-07 8.85445073995e-10 3.61857073276e-10 4.68959163719e-10 6.47028179963e-07 4.7192302632e-09 1.00416289123e-08 1.60713950036e-10 4.93381017282e-17 1.85655829761e-09 3.18764219587e-08 4.09078532784e-10 2.95941966533e-12 3.32425314436e-07 8.2887955193e-12 1.2000094015e-12 2.84487632699e-08 1.69465667216e-06 1.08038663159e-08 4.19217764646e-10 4.29464715291e-06 1.21970209549e-07 2.81552494611e-08 2.07068151689e-09 7.64800007294e-10 5.27914785304e-12 7.13825664874e-11 5.5064088737e-11 6.70938559906e-09 2.71155084583e-10 1.45081658725e-08 1.03315615895e-07 2.71392533905e-16 4.27196470045e-06 1.9202891153e-11 2.09442265207e-11 6.24152991629e-17 1.54759909058e-09 1.28910250886e-08 1.23831127274e-11 7.94491227689e-12 1.32151771451e-13 1.54472719904e-05 2.19367375895e-12 3.23241073113e-06 6.24049119149e-11 5.22579081514e-07 1.20921751011e-05 3.25732711059e-06 5.5802303217e-08 2.77726468763e-09 9.04936070752e-08 5.87533910812e-09 8.98771065657e-11 1.08498352452e-07 1.72825151343e-15 9.41214539257e-12 2.39770916414e-10 1.32701515924e-09 3.57500400548e-12 8.42535068422e-10 2.18206557713e-10 5.3056872224e-14 5.04916462322e-09 4.79123507225e-13 3.21571323884e-08 4.36241927227e-11 
0.0170662497811 0 0.00471600942373 0.0142428733025 0.502772328598 0.232496766899 0.330776026355 0.432243098507 0.000171952151837 0.128642601864 0.0101090944696 0.0130411475924 0.210524824258 0.820551146206 0.742895223066 0.375289995992 0.0875396418932 0.334315601654 0.086536369553 0.102526822838 0.539695151167 0.0915870695033 0.326848696045 0.0171383989332 0.000708438419682 0.258503430689 0.267759047731 0.0351207047885 0.00407731329338 0.0173812763312 0.0405629417974 0.983443680058 0.0361689243507 0.432262225282 0.0779253814795 0.7826226338 0.624879291818 0.00216416380171 0.304799735249 0.531144254037 0.446312422318 0.0266281767256 0.765665876793 0.571946078447 0.0486486803142 0.667251547214 0.0271183490534 0.0330353189732 0.388566551281 0.527373411909 0.838896503585 0.000200237119435 0.29118889716 0.933697035802 0.984953888131 0.01774822907 0.0793825385731 0.155758082658 0.127879962868 0.214431515587 0.542620572837 0.0777258111371 0.193460521934 0.116228124189 0.62980668586 0.405715061674 0.109596449031 0.167253369403 0.00293336255502 0.239883973202 0.142110069442 0.113549847921 0.41689702353 0.00938328903584 0.223761571933 0.201390164268 0.22202834365 0.105403241488 0.598933504378 0.217019168028 2.06352354989e-12 3.08297997675e-15 1.00040337709e-11 4.76026359261e-13 2.73735603015e-12 2.97202676124e-11 4.75485260253e-12 3.10452014713e-18 8.64671045308e-12 1.01552093041e-12 1.16929964246e-17 1.31389381295e-14 2.71270938171e-06 1.5282623571e-09 1.63403870007e-13 3.97391486346e-13 6.75569181124e-13 2.2079328828e-06 3.44441803529e-12 8.68398847352e-12 1.50381379512e-12 1.4309177105e-19 2.46856431933e-12 2.23897290306e-10 1.42882883829e-13 1.22502464912e-15 6.3215022714e-09 4.68384857155e-17 1.29618452925e-15 7.95022919804e-12 9.67488598184e-10 1.52696813555e-11 4.32918749713e-11 3.28119043e-08 1.3142734486e-11 3.81393604752e-13 9.94016667035e-13 2.81925804489e-12 2.82057693004e-14 2.11821904016e-13 3.25426929216e-14 8.65802071387e-11 8.74738038078e-13 6.01979690748e-09 4.47638898336e-12 3.43310651967e-19 9.280422039e-08 5.19039979357e-14 2.81564410327e-14 3.15299614694e-23 1.82785727788e-12 3.76155674892e-11 9.30603840477e-14 7.43710466899e-15 1.95668937153e-16 6.49727214248e-08 5.5324384233e-14 2.26700591695e-09 9.86018711383e-12 6.7753798541e-10 3.38329322312e-08 1.03457876036e-09 1.51570381121e-10 1.00160632576e-14 5.84934632791e-12 2.02450462427e-13 2.39220112424e-12 1.09204874444e-12 6.35813328079e-18 1.20378931971e-15 4.35191462999e-12 9.31927537741e-14 8.68735323175e-17 3.92254408385e-14 3.82630666285e-13 3.86369332714e-17 2.0537347531e-13 3.48598568662e-15 9.78087032148e-11 6.14187662892e-15 
0.710023318924 0.00471600942373 0 0.020824516564 0.007659833601 0.216635146084 0.00852072074388 0.112554644976 0.0179510949885 0.128371607859 0.415280971719 0.837855882069 0.057948953955 0.00288791226782 0.038610904534 4.75598122118e-05 0.0309345182895 0.060837025242 0.531033452664 0.375036363858 0.00323123696155 0.549767582947 0.164664251446 0.00562637807243 0.250383748129 0.0207623497837 0.00335739144151 0.70156861313 0.33797548339 0.0982114546359 0.679975545233 0.00797084303416 0.0955463482828 0.139391551297 0.287641749326 0.0265221232789 0.00502811766027 0.251620192816 0.202899109096 0.00480141812429 0.012034290215 0.057035889196 0.022792618177 0.0163591286991 0.00947980008761 0.00316992248913 0.669878178318 0.800861176103 0.00934571801305 0.0804131669546 0.000654920114711 0.277635824996 0.231942832902 0.00156569052328 0.00300258406055 0.909507519332 0.509803412504 0.109884319264 0.102094044134 4.63628308973e-05 0.0842764634861 0.520769601613 0.0144288273089 0.19581958426 0.0493775073969 0.0207962237319 0.406597928938 0.168816033242 0.987696583424 0.0148379138402 0.305126541215 0.0762972250429 0.0924924048993 0.582053969407 0.302805826218 0.277544015844 0.00139948112942 0.301905187603 0.0487020970695 0.0295105700646 1.7635538723e-07 4.0766777009e-09 5.30149084518e-08 6.47418852868e-10 1.72489675903e-07 9.28804496086e-06 1.81843662264e-06 3.67392909882e-11 1.54521572555e-07 3.55278535852e-07 1.73777787319e-10 2.03980908407e-10 0.000217453749391 1.79340651522e-05 1.22581048294e-07 4.9796584612e-08 6.12935353516e-08 1.1082165913e-05 4.91180438495e-07 9.39516024055e-07 1.9914882032e-08 3.0301138732e-14 2.07382050042e-07 2.1506282238e-06 6.00020054698e-08 7.44133598254e-10 1.46912808922e-05 2.17412751087e-09 3.08781935832e-10 2.48667548738e-06 8.01590933406e-05 9.66078753051e-07 3.45323909246e-08 0.000144547779042 9.06120453181e-06 2.62693496298e-06 2.45167296664e-07 8.69769485015e-08 1.00662425255e-09 1.08643272824e-08 9.82924149365e-09 5.16551984742e-07 3.52168004305e-08 6.26828968028e-07 7.99737733431e-06 1.54591871972e-13 0.000128189082314 3.40543792975e-09 3.90884083006e-09 5.62894900274e-14 1.78332198513e-07 1.06154353723e-06 2.08221149474e-09 1.69483828068e-09 4.14010654075e-11 0.000449788715454 3.85956060892e-10 0.00013698389339 6.00357864097e-09 2.79311098163e-05 0.000379070287656 0.000143127214073 3.82623188932e-06 3.49673438258e-07 7.09728477444e-06 6.76665386274e-07 1.05433681401e-08 8.27234497272e-06 7.53186146753e-13 2.23906178527e-09 2.6359079219e-08 1.81756015773e-07 1.00862110631e-09 1.23558744479e-07 3.06589708759e-08 1.92762272855e-11 5.91491658978e-07 1.13324421336e-10 2.34668803077e-06 8.70597051137e-09 
0.147148679758 0.0142428733025 0.020824516564 0 0.000994220840192 0.205309560219 0.000453879142894 0.140077554515 7.14648891681e-07 0.001994906382 0.00106145241493 0.0908170817906 0.491872822342 0.00234181867073 0.0666720098565 0.00571629856163 0.777774112782 0.00349047884227 0.0280072483209 0.234410326041 0.115589266871 0.0761598262302 0.0200338262138 6.35715581661e-06 8.65299226993e-05 0.43720258659 0.000156224200332 0.0159355507816 0.000375590032802 0.000148523147838 0.120437751573 0.0156227374663 0.000288124775432 0.0461903937167 0.385998142716 0.0139572718962 0.00127686466716 0.324804639879 0.123345337905 0.141501881545 0.00110044168865 0.000109620348613 0.0866461115034 0.175133144957 3.15733788964e-05 0.00117258716814 0.00917796862793 0.0386434469557 0.262545311546 0.0194817154574 0.00271700198249 7.42179609199e-05 0.0501799471629 0.0119975959134 0.00855379281259 0.0335262147271 0.155187276973 0.00210132781869 0.570105518894 1.85931782682e-05 0.0981989848791 0.0194967672044 0.000287382613961 0.00342441328899 0.0147414574119 0.28744035905 0.187017364318 0.0046843547225 0.0141184275766 0.000415317158865 0.236569406361 0.000814600533364 0.0114092292963 0.00223622260255 0.0776747182313 0.0213553048193 0.209467208846 0.310995632203 0.0117139667638 0.000692093132706 1.05607406601e-15 3.05226398041e-18 4.17077407923e-16 1.57030510304e-18 1.09510516196e-15 3.1339676489e-13 2.5514128822e-14 3.38932381978e-21 1.29682067515e-15 2.27398365593e-15 2.91496957392e-20 1.35620617642e-19 5.08556690381e-10 1.57136066859e-12 4.34297374063e-16 1.58645203693e-16 2.28845079188e-16 2.65503596045e-11 4.22570245158e-15 1.15367537471e-14 7.82421070231e-17 5.14819678539e-25 1.33942297036e-15 7.0362728934e-14 1.66401936485e-16 3.17053377142e-19 1.9295469661e-12 1.08665360083e-18 1.13472028866e-19 4.18520494146e-14 1.06856292007e-11 1.33942825479e-14 4.68395244743e-16 5.18792232209e-11 2.86143761448e-13 4.37763353549e-14 1.39244644507e-15 4.91056492909e-16 9.29270373709e-19 2.27750264743e-17 1.3327803077e-17 1.02594821925e-14 1.26897248756e-16 7.14866052531e-14 2.33811651046e-13 3.61316040833e-24 6.34898184913e-11 4.23895751465e-18 4.28686887233e-18 4.69821136359e-25 1.0432621584e-15 1.85779663214e-14 2.89609902561e-18 1.20212002489e-18 7.54020648356e-21 2.77787585396e-10 4.21206200206e-19 2.63000763299e-11 4.62292457686e-17 2.3033745686e-12 1.86778582283e-10 2.56575598536e-11 1.26664657512e-13 2.27476701828e-15 1.92749830785e-13 5.09973269614e-15 4.64618449269e-17 2.82721260089e-13 4.11301085239e-23 1.25585328234e-18 1.49360464222e-16 7.15744976465e-16 3.53305638241e-19 3.95721747201e-16 8.79336823674e-17 2.2139001612e-21 4.15419213257e-15 4.86367432686e-20 6.21459662445e-14 8.89472562731e-18 
0.0110830165913 0.502772328598 0.007659833601 0.000994220840192 0 0.112008180421 0.949927341476 0.211106964089 0.00607358516854 0.440782390746 0.0540130266235 0.0109991110914 0.0407232282955 0.800700495485 0.372157760228 0.0486265562483 0.00978375692932 0.742687925626 0.134437785403 0.0516533980861 0.0808025263584 0.0898027551942 0.451390754323 0.233826359005 0.00773969100182 0.0371922276408 0.890036106465 0.0714814064825 0.0299908872945 0.149465678035 0.0314769721268 0.572115677194 0.243520356758 0.38848545568 0.0271957938263 0.727141631138 0.968567889668 0.000520826430291 0.188697262053 0.0832853954115 0.984249011178 0.227811157671 0.279902656241 0.127890529222 0.419440459544 0.916730589808 0.0686520286537 0.0458471510506 0.055809797523 0.599396455418 0.443996534294 0.0021195695868 0.289798299973 0.337778551565 0.535026232636 0.0257481008043 0.0529713232484 0.502520889447 0.0268014269251 0.402005503485 0.289977909031 0.140890783241 0.789266458414 0.35469084697 0.698265798242 0.0751414570542 0.0638526902539 0.433525397784 0.00541487189602 0.849219204948 0.0685845073264 0.487040739304 0.627566654167 0.0393631049761 0.193298068358 0.309134458201 0.0166465336971 0.0429702181049 0.733447576386 0.764931533263 2.31582309469e-09 6.87313004689e-12 1.34925568338e-08 1.31589500129e-09 3.09197068679e-09 1.25799197227e-08 2.99527498752e-09 1.47299857237e-14 9.85366736534e-09 9.4120946445e-10 4.06003048588e-14 5.12658593716e-11 0.000383932479714 5.93614965577e-07 1.84438791282e-10 5.77875914685e-10 9.44360555716e-10 0.000422618122897 3.06665266421e-09 6.72665137086e-09 2.55037028401e-09 2.40743587644e-15 2.67699810798e-09 1.42619741344e-07 1.93661022117e-10 3.90711731894e-12 2.42913008818e-06 8.47343826365e-14 4.93343300882e-12 4.69567934869e-09 2.46379148546e-07 1.18578156414e-08 5.57202057048e-08 7.24528744926e-06 5.25076871293e-09 1.59530856684e-10 1.01492420831e-09 3.65213100917e-09 8.55883019454e-11 4.16455445682e-10 6.45061398209e-11 7.39278185328e-08 1.36350308094e-09 3.51693901576e-06 1.66619629036e-09 4.55195062613e-15 2.00242313744e-05 1.27398313866e-10 6.74633226009e-11 2.68193438866e-19 2.04358126974e-09 2.86246004627e-08 2.44616854791e-10 2.076017276e-11 1.05658181406e-12 1.05100442347e-05 1.86365233772e-10 5.02347491788e-07 1.7162141638e-08 2.35028942812e-07 5.77510855842e-06 2.15721897237e-07 8.60647844927e-08 5.4722084078e-12 2.3564354566e-09 1.34410808919e-10 4.34882652504e-09 3.20314754082e-10 6.52912229953e-14 2.9653498449e-12 6.76579627638e-09 8.97501434965e-11 2.17971868143e-13 3.95068319594e-11 6.15500668445e-10 2.36146598263e-13 1.43434051609e-10 1.54299888161e-11 6.21624112439e-08 1.1705417273e-11 
0.507117803816 0.232496766899 0.216635146084 0.205309560219 0.112008180421 0 0.0818291696737 0.918265753939 0.00115495695672 0.21615192055 0.10438176284 0.431648151493 0.731427669294 0.116784541562 0.644460440122 0.0236341806929 0.458381717939 0.274365917352 0.583406947053 0.912379346889 0.261511065744 0.767264174662 0.593889315372 0.00786657710721 0.0166564866012 0.53000024126 0.0415090124526 0.395141119604 0.0527436714393 0.0477461281749 0.67027300123 0.286061845973 0.0739956450622 0.761903476172 0.836789687764 0.394808672224 0.111102314346 0.18519426711 0.962283515594 0.315206959804 0.129130730992 0.0430996714802 0.572623519645 0.534625147995 0.0210900047161 0.0943886817759 0.307447584687 0.500141441695 0.411820344373 0.548566752482 0.0709610705001 0.0101142547804 0.800651515917 0.145137786036 0.173486212285 0.396091310241 0.835964171462 0.223011864705 0.765105508883 0.00477955944663 0.830396625705 0.509172811697 0.0719410118815 0.275666197273 0.46067842683 0.573470434875 0.914205672571 0.324977431308 0.16288163298 0.0864082275489 0.964889153703 0.137355253422 0.462995642594 0.136987356106 0.882689374787 0.602556787252 0.156188280704 0.911599462248 0.425342816125 0.120628723895 9.76236162234e-11 4.64726428606e-13 9.41191175587e-11 1.48658005128e-12 1.09234273327e-10 4.6509203861e-09 6.81765276388e-10 1.06735816054e-15 1.72218202022e-10 1.14402209224e-10 5.32129050532e-15 1.31211828681e-13 7.89482809554e-06 4.13283426459e-08 2.53444494919e-11 2.03783182439e-11 2.96021083185e-11 1.21128565444e-06 2.4209879257e-10 5.62348067397e-10 2.08484715329e-11 2.88806234528e-18 1.17686489612e-10 4.24042196743e-09 1.47209254903e-11 1.00871207252e-13 7.07726538394e-08 5.50546945283e-14 5.85177554998e-14 1.05431922701e-09 9.42233268242e-08 7.36035411866e-10 1.47707274615e-10 6.87301098653e-07 3.26558197037e-09 3.26907274614e-10 8.81063864962e-11 7.10495584446e-11 5.03775990265e-13 5.72907172103e-12 2.31596384968e-12 1.09155355536e-09 2.32597144187e-11 9.97640333138e-09 1.9413465191e-09 1.17964142658e-17 1.04156826421e-06 1.43845427429e-12 1.19081710431e-12 1.2660428059e-19 9.31577829164e-11 1.17681321222e-09 1.3823807802e-12 3.82441122741e-13 6.95409922542e-15 2.035853696e-06 3.83503249491e-13 1.99042660341e-07 2.49630489347e-11 3.85882488783e-08 1.34368712696e-06 1.47414079301e-07 5.16161882634e-09 1.82890373047e-11 1.97285026136e-09 9.2753814617e-11 1.75323554868e-11 1.17687212664e-09 1.19378533954e-16 2.08149601925e-13 4.10417642024e-11 2.64068818642e-11 4.05998144186e-14 1.41348680445e-11 1.46041893425e-11 2.06557361075e-15 8.45618434175e-11 4.90139240353e-14 3.06243243875e-09 1.03990939158e-12 
0.00947432776104 0.330776026355 0.00852072074388 0.000453879142894 0.949927341476 0.0818291696737 0 0.150506036457 0.0142993583868 0.52510808275 0.0779299905833 0.0101292163543 0.0230923206751 0.617195562626 0.257777137573 0.0211071291512 0.00486741948177 0.765486796915 0.136899091405 0.0393139779963 0.0395475424431 0.0815257053136 0.422703658047 0.38326253211 0.0139803599153 0.0190747494206 0.956476157402 0.079874621603 0.0475715161787 0.232435064825 0.0275731941683 0.394933759883 0.350497034681 0.323792111665 0.0188980344635 0.581761636065 0.852824499067 0.000355791134285 0.145647120068 0.041606217999 0.97128796154 0.346408096727 0.177109061507 0.0715557365424 0.606455725404 0.774391264385 0.0813633745006 0.0467777942852 0.0278679182854 0.521008737109 0.284470254546 0.00391371208672 0.252676349881 0.200204300067 0.355425390812 0.0269992708219 0.043767638937 0.585325376195 0.0158681970822 0.342933257983 0.20904171283 0.14936269385 0.927893383643 0.415278351323 0.594521496911 0.0406333134157 0.0504018224867 0.481981142953 0.00628114429949 0.959865597473 0.0510490344997 0.60824547421 0.5897525539 0.053963111323 0.164604831946 0.30379131837 0.00686860839892 0.0308637911039 0.640605738734 0.878635434439 1.49073732637e-08 5.57036420326e-11 8.55601487698e-08 9.68178192014e-09 1.98034357644e-08 6.5378318711e-08 1.72589531079e-08 1.51082684376e-13 6.15338102486e-08 5.95787392496e-09 3.87261432939e-13 4.33345584091e-10 0.00126886885881 2.81112128232e-06 1.24668348317e-09 4.00053261886e-09 6.42834824044e-09 0.00141719100427 1.88463701465e-08 3.96934107104e-08 1.74656082392e-08 3.09768849622e-14 1.70797121232e-08 7.60393429091e-07 1.35268025e-09 3.40298446617e-11 1.10742887231e-05 7.04643768488e-13 4.39903756258e-11 2.65104721411e-08 1.09633417895e-06 6.92008184503e-08 3.35115280505e-07 2.91872739778e-05 2.73680592609e-08 8.84370234137e-10 6.53089497964e-09 2.38270124962e-08 6.92112685346e-10 3.04742439105e-09 4.91646417127e-10 4.19542103166e-07 9.36855686393e-09 1.66268501096e-05 8.71231642941e-09 5.6121583847e-14 7.82000744561e-05 9.90393700363e-10 5.29923517686e-10 3.54815484368e-18 1.3180552854e-08 1.63307723072e-07 1.88942150053e-09 1.71221524238e-10 1.02502222388e-11 3.95769834526e-05 1.49255562594e-09 2.14457320302e-06 1.10602614827e-07 1.11224182839e-06 2.22722098874e-05 9.23669368932e-07 4.55447021334e-07 3.35860720788e-11 1.24603850277e-08 8.22675823149e-10 2.95815383888e-08 1.62916986619e-09 7.33756495999e-13 2.48204056711e-11 4.45758188441e-08 5.95476565446e-10 1.90754797067e-12 2.67842186892e-10 4.32678677785e-09 2.40718940693e-12 8.86136861451e-10 1.36768781823e-10 3.37924242405e-07 9.1380348901e-11 
0.292078042633 0.432243098507 0.112554644976 0.140077554515 0.211106964089 0.918265753939 0.150506036457 0 0.000962287343354 0.250312545432 0.0780217685591 0.242367652087 0.705637390352 0.244861201582 0.871518178081 0.0600516357806 0.399937082274 0.377412634249 0.481950555081 0.702857967661 0.405905296401 0.600736266245 0.673363080952 0.0125083299956 0.010222368843 0.580416187405 0.0855079490542 0.288607701293 0.0373629084277 0.0492080710105 0.445074275755 0.503974309416 0.0818429070286 0.869319919414 0.615452385371 0.609581450298 0.220997700518 0.0823997562838 0.952794571002 0.46590592593 0.228535709022 0.0504771952284 0.802030347954 0.708655276649 0.0339625106702 0.198361919549 0.224262305548 0.33968645755 0.528978538276 0.711413415861 0.168471192962 0.00515931281285 0.820638360417 0.297169827167 0.344986201675 0.24495819105 0.618732134106 0.26840231469 0.64737936253 0.0157124143175 0.979142324516 0.423716011666 0.120007555226 0.293629210926 0.650470813919 0.687519478755 0.715616580186 0.363100562203 0.0808605158717 0.145204313131 0.79345499709 0.172307548409 0.591417525453 0.0941146319694 0.828849319423 0.605755794773 0.221164149423 0.7067498191 0.60502859958 0.182528659209 5.11730440483e-11 1.8439975631e-13 7.29308139597e-11 1.50644619106e-12 5.96649736411e-11 1.82140748697e-09 2.72965553822e-10 3.47631075031e-16 1.11275481494e-10 4.86001975093e-11 1.61829763098e-15 1.00478114264e-13 8.0789045563e-06 2.47354496494e-08 9.97073447652e-12 1.04825917759e-11 1.58157458803e-11 1.85671481142e-06 1.15258810794e-10 2.72986893657e-10 1.47180676934e-11 1.87237565175e-18 6.15701213274e-11 2.76947609925e-09 6.39615240625e-12 4.63646323771e-14 5.24209888854e-08 1.32901875959e-14 3.11160092294e-14 4.30102745718e-10 4.13308785036e-08 3.83734146534e-10 1.46239313503e-10 4.36952209364e-07 1.1434919919e-09 8.48702375e-11 3.96720281971e-11 4.33825121039e-11 3.34994916682e-13 3.44241384112e-12 1.10143196102e-12 7.87162903097e-10 1.40256252173e-11 1.17381894797e-08 5.9405772139e-10 6.72093079688e-18 7.69936180982e-07 8.59711441897e-13 6.42544703993e-13 2.27962950319e-20 4.79607961103e-11 6.81075507077e-10 9.60776322574e-13 1.96908650586e-13 3.92124125556e-15 1.17334690062e-06 3.20655288452e-13 8.94945496818e-08 2.65829415715e-11 1.92849173974e-08 7.3139484034e-07 5.89516224544e-08 2.92455503358e-09 3.9574433024e-12 6.41647595488e-10 2.80485179627e-11 1.44413355032e-11 2.88833554308e-10 7.86642022282e-17 7.99168773348e-14 3.1794944025e-11 8.97700817454e-12 1.22582848392e-14 4.53441317448e-12 8.07022933046e-12 1.05558603674e-15 2.62432712193e-11 3.45650427716e-14 1.77124473909e-09 4.01044862654e-13 
0.00218843107549 0.000171952151837 0.0179510949885 7.14648891681e-07 0.00607358516854 0.00115495695672 0.0142993583868 0.000962287343354 0 0.0960071315492 0.266979853772 0.00431198279719 4.65887474397e-05 0.000624054349175 0.00061207467817 1.93769646986e-07 5.6915993144e-06 0.0272409141927 0.0287350966994 0.00140031484987 5.05347281454e-06 0.00934779016746 0.0156007123096 0.203784259509 0.470329655908 1.20406913278e-05 0.010446545539 0.0501671466676 0.38359213317 0.416221757835 0.00449463890611 0.000349170312269 0.282932212401 0.00518671032433 0.000422635571289 0.00232642718689 0.00264000534413 4.41408713623e-05 0.00229098987567 7.32837947615e-06 0.0101873924101 0.332877764021 0.000197025075279 4.12967991379e-05 0.128477938952 0.00146953053888 0.0773771504345 0.0203234752202 8.16337265264e-06 0.00701161801228 5.0420739394e-05 0.301136478582 0.00819174624536 3.53806598241e-05 0.000154674264773 0.0199716963114 0.00319652624025 0.0794862903261 6.97656352074e-05 0.000136368535229 0.00108061170664 0.0404076567577 0.0408921490956 0.0912541494015 0.00508026283864 2.66683430029e-05 0.00218288456119 0.0620409785955 0.0209167170795 0.0313097400258 0.00122690820215 0.115416075839 0.0144435256825 0.176066978492 0.00623000091715 0.0243263818956 3.73274429471e-07 0.000717265191491 0.0063648137951 0.0469951559684 0.00624338040035 0.00032043124085 0.00776342464258 0.000930524181866 0.00689183822723 0.0178429230939 0.00891944181561 9.21227759623e-06 0.00973106848409 0.00477622546668 1.82780501339e-05 0.000304162256068 0.445590912607 0.0855120658567 0.00208898004718 0.00297900387883 0.00370687145399 0.12624724977 0.00811651030785 0.0119977887223 0.00380360290059 7.45365736493e-07 0.0067710214961 0.0384312386115 0.001983306186 0.000189160711313 0.118841908964 2.96843954338e-05 0.000169338737596 0.0111016637587 0.0670964019696 0.0149267358421 0.00860513470238 0.230878800665 0.0114617060874 0.0016937917446 0.00474831171133 0.00628223308194 0.000596796392423 0.00189531516207 0.000952482189269 0.0228264068215 0.00370901965355 0.0425312410938 0.006098649224 1.60600302454e-06 0.287552469891 0.000957484433835 0.000799385732666 1.10589138955e-08 0.00597518882869 0.020556849084 0.00100741931149 0.000430434422989 5.73309836364e-05 0.279773508713 0.000522061608393 0.0898524778199 0.00352443920289 0.0649766277814 0.229008741415 0.0605617471659 0.0366815305482 0.000253977206413 0.00755146050914 0.00180133555476 0.0035025795702 0.00210182590178 6.47929076502e-06 0.000201542447654 0.00528366995425 0.0014928568505 5.07272193052e-05 0.00096423699836 0.00276105095119 2.72103200478e-05 0.00188384586686 0.000180442619137 0.0304523670075 0.000449227594815 
0.0934668596419 0.128642601864 0.128371607859 0.001994906382 0.440782390746 0.21615192055 0.52510808275 0.250312545432 0.0960071315492 0 0.524363017138 0.111542451816 0.0462655033084 0.191748469663 0.238547453852 0.00283763057663 0.011775799866 0.852456150024 0.578786459579 0.168770532973 0.0208334691938 0.371372962199 0.740351315303 0.381340973505 0.17992903598 0.0258356939093 0.377279032248 0.492612654813 0.389421343479 0.701723458968 0.189768411675 0.181927827636 0.84027388671 0.52143262815 0.0869340686975 0.412961208192 0.328661195772 0.00607784818243 0.325758801068 0.0252224624824 0.543666860879 0.737543906202 0.141825858511 0.0616871404843 0.542756573529 0.252138975998 0.520974060436 0.331372160682 0.0244329660116 0.613861468657 0.0572718852755 0.0829678192805 0.55374071173 0.0568681300082 0.116459000108 0.248606634726 0.218897597115 0.994206857011 0.0460256962119 0.0346182529768 0.283882926432 0.634037109108 0.671503663052 0.975481502738 0.553413752344 0.0447264262849 0.211878012427 0.96897482702 0.109283335567 0.666008002529 0.182206984936 0.964567154704 0.756470407466 0.44002233251 0.448019699725 0.750754012942 0.00417308864707 0.125994850789 0.593536831983 0.810784712705 6.05958492095e-07 5.38064781865e-09 1.23342035077e-06 7.51057882203e-08 7.20287848132e-07 5.0547462803e-06 1.33645891106e-06 2.81114758131e-11 1.41787399395e-06 4.16855785736e-07 8.27391027329e-11 7.61043422799e-09 0.00603742817962 6.75037217957e-05 1.10885737967e-07 1.78224122063e-07 2.56687305949e-07 0.00234956865339 9.60651071791e-07 1.8776314842e-06 3.36319329418e-07 1.07493136171e-12 6.94230700358e-07 1.5543799431e-05 9.44287144668e-08 2.32791018402e-09 0.000148511237382 2.55275019538e-10 2.07947090009e-09 1.93133875021e-06 5.75012421267e-05 2.6958868846e-06 2.45935696035e-06 0.000544571117197 2.8447704986e-06 2.09252336595e-07 3.95846548126e-07 6.53435649505e-07 1.71722918926e-08 9.31642152564e-08 2.84633235166e-08 6.85188657633e-06 2.73600358606e-07 6.74205483219e-05 1.29335046301e-06 2.66869457946e-12 0.000963947082637 3.18007914882e-08 2.23982738577e-08 3.63556799462e-15 5.62378876729e-07 4.77110029703e-06 4.0641937347e-08 8.42088506468e-09 4.3600409106e-10 0.000919189787781 2.01629190058e-08 0.000102902866158 6.97490681696e-07 4.28969809119e-05 0.000609558788282 6.04221443481e-05 1.34705834949e-05 1.36089644938e-08 1.58597956584e-06 1.38013201806e-07 3.78189002079e-07 4.25172890137e-07 2.2557945223e-11 2.66361780022e-09 6.57373606677e-07 7.69362204676e-08 3.95173525384e-10 4.08138569586e-08 1.610833844e-07 1.36485219018e-10 1.39608160316e-07 3.06615235956e-09 9.6165366967e-06 9.30924105278e-09 
0.168069421266 0.0101090944696 0.415280971719 0.00106145241493 0.0540130266235 0.10438176284 0.0779299905833 0.0780217685591 0.266979853772 0.524363017138 0 0.234714556981 0.0142962524115 0.0138996641727 0.0427645637928 6.17664374413e-05 0.0039003917117 0.245826868937 0.55334568127 0.130583600298 0.00171375233539 0.347541375912 0.298686837124 0.142223593766 0.734591327391 0.00518161347203 0.0439081861054 0.712336389871 0.954426205216 0.686427724264 0.25100465494 0.0172966440378 0.628301100968 0.1781494149 0.0667355406516 0.0651058302481 0.0320984811904 0.0151032705659 0.14119734077 0.00239375705025 0.0813150362219 0.516831851966 0.0207957256438 0.00879127814036 0.166888537274 0.0204713062415 0.815709250529 0.506301530513 0.00323746293594 0.16327010544 0.0024291725821 0.541358877917 0.258943621137 0.0031013875816 0.00789538803148 0.491945899929 0.207257682614 0.46191437034 0.0205572249865 0.000980899058788 0.0742855411064 0.627647754527 0.14513380049 0.610276641907 0.117021727925 0.00774558178405 0.165454094569 0.505842616073 0.416028372137 0.134406410663 0.117237715848 0.444477081925 0.230816438544 0.959871515501 0.250304496792 0.429409671726 0.000342232242085 0.0890593403187 0.12746917617 0.214476181892 1.87467054381e-05 4.35637859718e-07 1.4754434635e-05 5.75174756177e-07 2.00715856495e-05 0.000237157853181 6.80157155881e-05 4.94491802857e-09 2.56278375803e-05 2.08146745903e-05 1.55929220038e-08 1.35987193757e-07 0.0159830882828 0.00102237550826 7.23923750359e-06 6.33793311714e-06 8.15961219827e-06 0.00242168543188 3.5193262502e-05 6.22968444938e-05 5.54962546275e-06 4.92662355365e-11 2.13293678676e-05 0.000223041834004 5.07800997574e-06 1.45813915708e-07 0.00128879211506 6.97828698416e-08 9.49197052292e-08 9.155019465e-05 0.00168354544919 7.4387900627e-05 1.53231147694e-05 0.00579072500461 0.000174882352284 2.84146199959e-05 1.75788256641e-05 1.43038296107e-05 4.05415024684e-07 2.45928737801e-06 1.38238611751e-06 8.42101093585e-05 6.59947922222e-06 0.000203751773208 0.000110059931475 1.57394629961e-10 0.00687542465333 9.19694509889e-07 8.37504127592e-07 3.64976685062e-12 1.82065863059e-05 9.96879033329e-05 8.13731534348e-07 3.75064167905e-07 1.93083952558e-08 0.0113111018137 2.72469513156e-07 0.00269180772601 3.99645834073e-06 0.000997233976263 0.00886518890969 0.00209735431616 0.000268509015297 3.25430545184e-06 0.000118435761549 1.48207282276e-05 4.28443988331e-06 5.90224535094e-05 8.3431764344e-10 2.43217273265e-07 8.26834264898e-06 6.94236892974e-06 6.77516380448e-08 4.3484033521e-06 4.92712685348e-06 8.14704008469e-09 1.42658253251e-05 7.09002020447e-08 0.000189003014723 7.68313024809e-07 
0.973217459138 0.0130411475924 0.837855882069 0.0908170817906 0.0109991110914 0.431648151493 0.0101292163543 0.242367652087 0.00431198279719 0.111542451816 0.234714556981 0 0.183578284499 0.00615834194092 0.0914013305547 0.000294761000422 0.121440162179 0.0709014725279 0.571529123638 0.670590466692 0.0146449055583 0.719144815678 0.219293452723 0.00293961744979 0.0909864457664 0.0807468081301 0.00393396280708 0.623888163673 0.159489331807 0.0517305379192 0.917711141863 0.0200080459361 0.0586277305454 0.229001279614 0.599877246429 0.0497878769871 0.0083606509039 0.489650836654 0.371881902493 0.0207747711254 0.015939643592 0.0320790053301 0.0638906600911 0.0565407806859 0.0062164415916 0.00573970685479 0.535957589197 0.826161207273 0.0393568732583 0.125689350349 0.00199356350916 0.0934964571464 0.344082297406 0.00532060171014 0.0082698405359 0.87690414104 0.780631010761 0.100173476995 0.291663855574 9.01512103145e-05 0.180736533526 0.522250160559 0.0138032644413 0.172629713563 0.0814573531321 0.0748935579437 0.683265848127 0.164837412289 0.760806310531 0.0152532387151 0.575237908391 0.061897533482 0.125337046225 0.35453317248 0.460531950142 0.331025963337 0.008456703733 0.599636976055 0.0768680106406 0.0288662288263 6.37480401538e-09 9.22926635639e-11 2.12747343107e-09 2.09964076521e-11 6.34329867523e-09 4.64892129769e-07 7.59868117155e-08 5.24478585921e-13 6.14776204625e-09 1.26934516921e-08 2.78725568834e-12 4.87993097996e-12 2.96360922577e-05 1.15352839341e-06 3.8349112229e-09 1.57421916693e-09 2.01217962952e-09 1.59444921429e-06 1.89270611223e-08 3.9087039344e-08 6.83549423201e-10 3.30390621768e-16 7.61382045639e-09 1.13819046476e-07 1.80525633512e-09 1.52463947837e-11 1.05528201173e-06 4.2584767118e-11 6.24385857534e-12 1.08178994915e-07 5.41918121256e-06 4.15832700459e-08 1.59964717372e-09 1.25716280519e-05 4.41261919316e-07 1.0794454067e-07 8.60423477624e-09 3.16375543145e-09 2.53508209048e-11 3.20722569739e-10 2.57509421499e-10 2.49313340972e-08 1.1645923833e-09 4.62491574195e-08 3.7700531987e-07 1.77355682508e-15 1.21449401139e-05 9.0107315474e-11 9.94841999014e-11 4.52771811376e-16 6.40087799788e-09 4.85822534933e-08 5.74310049817e-11 3.9160249555e-11 7.2823050965e-13 4.32928002135e-05 1.03498619045e-11 1.0023793748e-05 2.49302575017e-10 1.73547301573e-06 3.45643468504e-05 1.01782823144e-05 1.99517192983e-07 1.15480802241e-08 3.31916461237e-07 2.40016401978e-08 3.77683108893e-10 3.92221446655e-07 1.04998921323e-14 4.75335173078e-11 9.87717848576e-10 5.71069260408e-09 1.8848953394e-11 3.69209751771e-09 9.56492037453e-10 3.04285049663e-13 2.07391218688e-08 2.44968958554e-12 1.17089280428e-07 2.09583230756e-10 
0.259000559133 0.210524824258 0.057948953955 0.491872822342 0.0407232282955 0.731427669294 0.0230923206751 0.705637390352 4.65887474397e-05 0.0462655033084 0.0142962524115 0.183578284499 0 0.0708128746713 0.524464630881 0.0588435894202 0.872919597961 0.0831731577908 0.18847598881 0.609853626313 0.499302534435 0.330779390883 0.231339614226 0.000746957872064 0.00132323712922 0.9219876709 0.0110466129168 0.102201613163 0.0057303173182 0.00531557579909 0.319194416792 0.230713840778 0.00993595039328 0.396112584969 0.703238111538 0.222707689218 0.0485927692431 0.167840921566 0.611025107696 0.573844980685 0.0428888594186 0.00503055524009 0.581935787121 0.739989018315 0.0027315743923 0.0455924257889 0.0687198106439 0.162883875807 0.757548138511 0.254810689824 0.067524265065 0.00077017634581 0.374840728269 0.169191603621 0.152677547674 0.121277754236 0.456956497858 0.0503497511088 0.947954074435 0.0021876760699 0.617545842351 0.148784914919 0.0155344780779 0.0619405456092 0.223999556802 0.869559882339 0.557671215277 0.0827656326777 0.0393858883659 0.0205618384471 0.678731595955 0.0260139152464 0.177386321295 0.0214181411375 0.440722594276 0.209897672762 0.45831940051 0.703278671072 0.194040386087 0.0277714584448 3.34550978001e-13 9.15843630347e-16 3.26267230917e-13 3.50099295895e-15 3.78028494486e-13 2.76339215475e-11 3.13090801751e-12 1.18781431295e-18 6.27635884965e-13 4.14430943659e-13 7.12335001435e-18 2.2305781835e-16 1.35406896032e-07 3.00762970197e-10 7.8410336396e-14 5.83746418214e-14 8.81989512433e-14 1.95117842257e-08 9.36739851289e-13 2.40359182599e-12 6.00812974233e-14 1.7496931887e-21 4.12360541432e-13 2.28621815825e-11 4.17080731227e-14 1.64652280786e-16 5.58100719866e-10 1.05171134334e-16 8.92465923415e-17 5.08694070048e-12 8.16818062391e-10 3.21851536019e-12 5.74580886521e-13 7.44223224842e-09 1.94056151767e-11 1.70029845417e-12 3.05249214726e-13 2.33151734434e-13 9.64894422323e-16 1.41556474697e-14 5.25261915497e-15 5.00772645722e-12 6.71765812644e-14 6.97286835601e-11 1.15475119646e-11 8.0138463348e-21 1.20614002278e-08 3.0596775051e-15 2.48530828054e-15 7.78966645292e-23 3.18084494271e-13 5.40621105342e-12 2.95828784881e-15 7.09372223089e-16 8.56998955885e-18 2.62316031467e-08 7.41088614549e-16 1.90933556435e-09 8.14102299193e-14 2.84662257772e-10 1.63790920693e-08 1.41461745764e-09 2.86166560473e-11 7.47818402104e-14 1.1367166042e-11 3.73541844604e-13 5.0858740345e-14 7.60773015707e-12 1.01089407613e-19 3.79479589103e-16 1.29396952876e-13 8.6382728283e-14 6.73308369511e-17 4.39936457038e-14 4.00839191128e-14 2.26591520832e-18 3.32183843156e-13 7.44665591459e-17 1.58608362152e-11 2.25317510058e-15 
0.00723880301979 0.820551146206 0.00288791226782 0.00234181867073 0.800700495485 0.116784541562 0.617195562626 0.244861201582 0.000624054349175 0.191748469663 0.0138996641727 0.00615834194092 0.0708128746713 0 0.4921414819 0.19903218614 0.0212132600728 0.454855175445 0.0706877881238 0.0467919837238 0.220694290761 0.057995799515 0.311817388369 0.0608872874964 0.00120008276713 0.0821977025133 0.577645355953 0.0300489267666 0.00629699019141 0.0371283547073 0.0205897903334 0.834460356251 0.0720920270179 0.337595650314 0.0289584474806 0.75977537097 0.916240467237 0.000481988001848 0.181387910141 0.214903264651 0.715868566762 0.0617929486697 0.446988015781 0.254755168047 0.140123882036 0.958330705849 0.0257165343231 0.0224442204546 0.137310979639 0.501593290648 0.830323265959 0.000295369330461 0.222242353966 0.698695021019 0.876974692603 0.0115691224031 0.040319287396 0.231488879925 0.0409420585001 0.481186785352 0.338305619046 0.0686579664611 0.399671412067 0.155067686075 0.626540517711 0.154521537299 0.0541726306542 0.21316371814 0.00185190818746 0.465522618816 0.0663735732005 0.198649145593 0.448653946096 0.0108709663126 0.150601335799 0.186455937912 0.0614640409925 0.0436826160627 0.627758366879 0.391886592195 2.84780436644e-11 4.89753143137e-14 1.9554748264e-10 1.56548498046e-11 3.89483396934e-11 2.12382324918e-10 4.16605915168e-11 6.1915539181e-17 1.38196829137e-10 1.1122149424e-11 1.92039103278e-16 4.22289764263e-13 2.18490054652e-05 1.39115227854e-08 1.86731125072e-12 6.12589042269e-12 1.04821024341e-11 2.68788390954e-05 3.99317242348e-11 9.54562149369e-11 3.08035716177e-11 8.24628082666e-18 3.34734734349e-11 2.73322870294e-09 1.9032715785e-12 2.54509578344e-14 6.59953051776e-08 4.83630960301e-16 3.22803767533e-14 6.84040872393e-11 5.85623521327e-09 1.76241628134e-10 9.74559653622e-10 2.37709637005e-07 8.48025289034e-11 2.06019931011e-12 1.18506922719e-11 4.61177570449e-11 7.3211232092e-13 4.18039077982e-12 5.51639104537e-13 1.29797050299e-09 1.54954792203e-11 1.04437337116e-07 2.5526062212e-11 1.62077337371e-17 7.35332117226e-07 1.1342928517e-12 5.68210629455e-13 5.59007536883e-22 2.48796905409e-11 4.6101057119e-10 2.32355500364e-12 1.56424362665e-13 5.98451481678e-15 3.80239227761e-07 1.75823020911e-12 1.30574367155e-08 2.68985126458e-10 5.1822893053e-09 1.95528513863e-07 5.353770039e-09 1.59345587623e-09 5.44042654351e-14 3.6070978246e-11 1.50819435661e-12 5.61345933979e-11 4.79948673659e-12 2.92899256384e-16 1.96169166083e-14 9.09999415788e-11 8.95874877596e-13 1.21664317172e-15 3.70583064304e-13 6.49117835977e-12 1.17380043081e-15 1.59461280544e-12 1.12605193154e-13 1.09986175415e-09 8.88537308408e-14 
0.113588764796 0.742895223066 0.038610904534 0.0666720098565 0.372157760228 0.644460440122 0.257777137573 0.871518178081 0.00061207467817 0.238547453852 0.0427645637928 0.0914013305547 0.524464630881 0.4921414819 0 0.152233560667 0.260815972316 0.446388599995 0.297771880397 0.394807727993 0.550893030516 0.345806655561 0.621423555876 0.0179709448713 0.00438070092312 0.505833579955 0.169255872496 0.152754196896 0.0191652999308 0.0406627135416 0.207565659686 0.809694895427 0.0738689000602 0.80668298912 0.325274948926 0.830598235012 0.416580691673 0.0229594859786 0.736895929456 0.594437599563 0.372177525842 0.0490593503394 0.960425128912 0.7890038579 0.0494541523956 0.400653481222 0.118650597855 0.163575863886 0.56445243492 0.777738305817 0.395053140405 0.00174807586031 0.664992675641 0.576200990253 0.646093413008 0.104760128076 0.330882977901 0.26851509089 0.407546216623 0.0561049582861 0.944452230492 0.264473283303 0.181948852825 0.251483769884 0.792070272434 0.673119922279 0.410564631885 0.33012150953 0.0262006152018 0.222030828765 0.484085191702 0.181994226669 0.635288168612 0.0462844724269 0.600474243839 0.480160297578 0.266071229136 0.399726695344 0.74410511665 0.2443100322 1.84431505934e-11 4.6859263947e-14 4.3215807233e-11 1.26015939401e-12 2.26578497265e-11 4.50822713987e-10 6.96474902672e-11 6.90576730074e-17 5.23039548919e-11 1.33990926099e-11 2.94154537059e-16 5.90167715681e-14 6.7248933445e-06 1.04839302797e-08 2.49642289524e-12 3.69426077462e-12 5.84724053178e-12 2.58585175836e-06 3.67126454998e-11 8.9056040663e-11 7.75903881695e-12 8.97856448467e-19 2.2131303576e-11 1.3151798761e-09 1.81858359888e-12 1.42294076391e-14 2.91196093121e-08 1.79503529954e-15 1.15014679743e-14 1.12337053671e-10 1.17787887898e-08 1.37057514146e-10 1.18243018521e-10 1.99289612805e-07 2.45470563689e-10 1.24650303138e-11 1.17827946155e-11 1.89928213802e-11 1.64246342037e-13 1.48027085475e-12 3.52004205638e-13 4.24635895155e-10 6.05014843945e-12 1.17617145114e-08 1.07423107352e-10 2.73161462167e-18 4.25172969032e-07 3.67658870236e-13 2.41310653578e-13 2.14145319952e-21 1.68944965478e-11 2.77709057633e-10 4.97829174059e-13 6.97401331042e-14 1.56469810393e-15 4.71633647502e-07 2.10389147168e-13 2.62963861356e-08 2.36181444539e-11 6.49728811025e-09 2.73497112529e-07 1.49223814293e-08 1.15882332798e-09 4.61968850372e-13 1.25422364487e-10 5.01314738525e-12 9.26352768695e-12 3.94183276114e-11 3.83979643493e-17 1.94883133953e-14 1.88504238348e-11 1.86553975161e-12 2.20365522919e-15 8.75665040709e-13 3.11665084953e-12 3.72026906996e-16 4.84893942371e-12 1.82995821253e-14 7.20887159687e-10 9.82052060109e-14 
